t0
0.416157270842046 0.17659671387130377 0.01435005691051641
0.902613534151167 0.2870905356814937 0.012721910244907266
0.6897392545709569 0.2544704113608974 0.014674391939973464
0.6686257891509346 0.14761197821204255 0.010465625414188532
0.346207229388851 0.1849604081800676 0.011558437245556257
0.23436149558227592 0.07230322393475534 0.010587261717170183
0.19208745123630183 0.2058103955829542 0.014887613631421603
0.45804065301927704 0.25743318450112207 0.012789019107194486
0.5318807703895504 0.09186294765637473 0.012732777455729712
0.8132346585266502 0.20739691940679963 0.014878925705736552
0.8376747744178082 0.25076688927049384 0.012323654779099828
0.07168902735242406 0.18943842825611273 0.010682657546496778
0.20011218433357447 0.2365885065364107 0.011946576740519292
0.05066858712979487 0.1822928366292091 0.011320361731502877
0.1360738669610913 0.23231099730767693 0.011646587498802784
0.2138139269391483 0.16075291819731208 0.01328221003183812
0.7369304185694566 0.0863688753792274 0.012709426734985582
0.36755356361988223 0.26236305519158587 0.011943920551530842
0.500525344090772 0.2558441016972226 0.010164702313381664
0.7714469433610641 0.282231802447667 0.010645590318057757
0.4715958874697809 0.1733027053296865 0.012673050425679469
0.6350154787249787 0.07984559400598759 0.010465956077924155
0.5784353246892373 0.09069859471639326 0.010190838093995689
0.3433217509559001 0.146623946378352 0.012367549870828599
0.17622260450146737 0.13702262528768103 0.014381046548194316
0.42562166448407424 0.13336764623304231 0.011620422996266682
0.5026572625754395 0.03842880676404478 0.01293455839214772
0.9669113920616171 0.24557624087361038 0.010834646103631369
0.6325184022269007 0.01560956957096533 0.013206962172248258
0.7684136597843101 0.25215965525577166 0.013041866696764904
0.23625155231077258 0.13106248257100858 0.013331539813429275
0.07845076632151135 0.23338768683163152 0.0113619125012532
0.33747068226590277 0.05675130698358766 0.014435250858898423
0.40144507562998727 0.13279597205221094 0.010434056086099978
0.054311572467609794 0.2535726337369457 0.01078488277017684
0.9411832988930691 0.26895247926175847 0.013734194292649177
0.8331086318893941 0.16601529119675462 0.010439374114337782
0.7962323896930719 0.25265939532578857 0.013006242282530878
0.19638651139912675 0.07329480889053164 0.012895749645728692
0.15922134547329536 0.26581592792999853 0.012401587528631876
0.645163524437258 0.2558984283663034 0.010558839654686994
0.13522951786245552 0.020511314448419717 0.011111753651672438
0.7614088252184306 0.0432463872444452 0.013515779396620775
0.17148017684320577 0.10236129711626261 0.010042002704228444
0.24915783454402668 0.23022703882142767 0.010274434784426823
0.28101321358036835 0.11695099237181975 0.0110618722490584
0.9104611054356231 0.018738620154572554 0.010991386905133115
0.012689082577445037 0.2532982927264794 0.012396160301824355
0.3840813389832687 0.10386611248875793 0.012718634512612738
0.06520416881824234 0.03903956395885651 0.014382585265403508
0.13534716109575878 0.17922806808041686 0.012477117031672442
0.6078047020761891 0.0972257269843097 0.013547178702724571
0.5564555402235194 0.20866214452852702 0.014605354714652274
0.497276821400468 0.13945037285745762 0.010291063427081294
0.7941349478703144 0.1627716980961212 0.011995334310938348
0.6219498322896377 0.22717438476894378 0.013760873055720501
0.4286870567900142 0.20494083819123055 0.014516207719910166
0.4921750916924648 0.014441683345312838 0.010682649832671299
0.7462240675514483 0.01351811829432027 0.012095041078549449
0.8934325677256157 0.21380089108098171 0.011111376031309468
0.5141304262535006 0.2769575187081631 0.014257017475129526
0.4014240653499144 0.01539887211531256 0.01331324388355832
0.8199605962461883 0.029387927413269045 0.01291072161966003
0.06881586252851983 0.2797252110266908 0.011632317641562336
0.3776115248856749 0.21700330880134877 0.013171113997282602
0.3141104126650397 0.01525520227005901 0.010032257720061246
0.2959846977277157 0.05248994922988634 0.010801720321644332
0.16819789470959343 0.07982079854842682 0.011958437764058636
0.11197212817447467 0.06943828801866085 0.011166122967112262
0.9555089357865256 0.12719949418935472 0.012150277197136822
0.9383470791486448 0.05700744478097003 0.01030813002712197
0.7839599286693316 0.12487603614474967 0.01061235662321981
0.15744313864817142 0.1975168394959157 0.014195280357008223
0.2949181520321469 0.14002567338506422 0.012177830811040541
0.8302096245726425 0.2790594995609295 0.014714542662885874
0.5241768014825409 0.2094053745991424 0.014307735587591942
0.5576943920527885 0.24978881323356536 0.011082926325240236
0.24610124494518396 0.15603837862136744 0.010280651808193791
0.8734974843533708 0.17325821219864251 0.013896025888798201
0.7857371345960658 0.028600991428146965 0.012142609762517562
0.5306290186233119 0.020516067021896494 0.014927204563662503
0.8921784868338817 0.13574878646670638 0.012608250512141686
0.20555759458090486 0.11803496436257316 0.010916683465160497
0.02259589801159969 0.20400630485280158 0.011416058126328524
0.6251427406472597 0.169570195065899 0.012949800569254294
0.012476438248337583 0.07251460168995719 0.01057682511694477
0.9104413280738176 0.18480259638393487 0.014437153365032526
0.21531844699743777 0.26571592797962906 0.012406630800183819
0.3334368741608037 0.2494619967075274 0.013502183982655278
0.6146966089767931 0.2685307879285259 0.013489969517828802
0.4056747077764163 0.049149578176427726 0.013177534042803515
0.9836361733952359 0.1418979157926711 0.014672226025974795
0.7102922900982922 0.07547963721944588 0.01107934923701287
0.8697057200001054 0.07208279075926954 0.01160462601166143
0.10162635695531175 0.19505807347139476 0.012211279321026194
0.7361689918070822 0.1541536766993742 0.010427660445733471
0.6581463578468142 0.05116037529693622 0.013660769789446584
0.48169434721426624 0.08487126844854871 0.011466349579704991
0.58460796351071 0.23457649559381397 0.011062975367246498
0.527391687861123 0.054665445277904484 0.011023039648507428
0.18263241987880507 0.016282657995839785 0.010614687852065686
0.3111954005380854 0.11561401610968829 0.010722362434203199
0.08920105986960299 0.08475040002462536 0.011217938531232947
0.33488478014973483 0.026491155727696912 0.01256357862261985
0.72913298092554 0.2756463205568103 0.012669996109829646
0.5473883586904572 0.28329546930848987 0.012294162857420977
0.12525454376997688 0.2867448276008822 0.012255672351727342
0.24716432895530238 0.2535626264340223 0.010907092841582342
0.8581182227388056 0.12625203792648867 0.013997455743843623
0.6998291793477448 0.1730390499750835 0.014445170174151482
0.5561873145577203 0.07820612105512609 0.010858864973584573
0.1038972861063241 0.24068041675528712 0.010603963994665885
0.6525302121125294 0.1901982166621079 0.010957681185363189
0.78622361618363 0.21318130680031447 0.010658736804443968
0.7097037777152101 0.20521186179342085 0.014659718999276539
0.4752649147511903 0.2823652318341523 0.011234745072738072
0.7282575857235797 0.1199827812312973 0.01179013035207898
0.18482405580832637 0.2804708578553594 0.013722950836266335
0.5543337784376915 0.12281818344465362 0.014291514013279917
0.42912132519074103 0.2610807916659146 0.011432300117990717
0.034085194257950015 0.23874559768551326 0.01207734080678252
0.5960249206796254 0.21034921499118742 0.010278583654577246
0.05856752964517526 0.11833185884772499 0.014991979884479341
0.8585435330700898 0.22514529732099017 0.010211365910462563
0.5487659492882041 0.16132778609885182 0.012520458720767043
0.887822862747237 0.03546037992592979 0.010374861675841326
0.8782723819517293 0.258781848442181 0.012800892472918369
0.6802011010234604 0.2145976189360054 0.01347384860088809
0.0931520069550171 0.015977516038388206 0.010420439437066893
0.7087669833924887 0.028356814630924775 0.01452315409487213
0.9607075902189648 0.20580337686698358 0.012612266958640558
0.984501484231749 0.062276644769931604 0.010535210377732253
0.6972154732740263 0.1036776523379434 0.012690330298943162
0.029340499833330334 0.0999225800000415 0.011155904462276938
0.7917729597696356 0.07310339499935817 0.013889069783627436
0.42621300482421254 0.10072196578101951 0.010384818048085206
0.6633281601475772 0.10896765862415325 0.010201787366105499
0.6471998490110124 0.13186894760809814 0.01300001308093352
0.2991149984018375 0.19001426874865757 0.01361670856486521
0.1497234186312544 0.11021843016913553 0.012796449082753599
0.355189958961142 0.23223490668666044 0.011379554102013587
0.10642161747416892 0.04088971991551055 0.012085429277386707
0.734024769874258 0.17953661156175227 0.013453491277924853
0.5818006692430013 0.27609293053578915 0.013825905051463687
0.2689978896378727 0.0796933972674183 0.011247094705698579
0.11304939464295312 0.15271731170000497 0.011264963893132926
0.22490698481825938 0.2144024563432411 0.010725433956651572
0.35573525361536923 0.07710049136953041 0.010092272733153223
0.09930426153671605 0.27797109856508984 0.010497362532253847
0.5846262535823955 0.16702248650875967 0.011822054992637126
0.8277073969153195 0.0883857907553246 0.010733550824303734
0.458611921461062 0.03391045954837778 0.01075543617184999
0.8634323401841031 0.03005645765544132 0.01194459785847861
0.36909156758514106 0.03651519929662045 0.010179622965662771
0.30190089283755256 0.25173354767406997 0.013388905479889239
0.6128814167652119 0.06876527267412734 0.010430895682223997
0.7356180409183047 0.2431156317425421 0.013150080460921398
0.9655385668802313 0.09812551064600804 0.01257638580818925
0.9142110718512905 0.08591545976947002 0.012798921548647643
0.3316649773139467 0.09009309700430182 0.01280553735360124
0.26221116829781527 0.0561115385963933 0.010862668268347602
0.287031495442938 0.01635375651710423 0.014949012015052644
0.8654252843790717 0.2882520608631183 0.010164668084658112
0.44153077437789107 0.1821634959772699 0.011527143042882585
0.7619667141314589 0.09763127203564614 0.010173953351458244
0.1015271757474855 0.12570356905359178 0.013256728713957475
0.04287980733407293 0.28897652043334804 0.01013768081521649
0.3842125082459275 0.06983240223962497 0.013646242049100801
0.38394813941378103 0.14868690908982765 0.012611624215229175
0.022537319206293253 0.04137980416959723 0.012236823445554804
0.581498972866572 0.060122324160742945 0.01256839137712318
0.16429299789456694 0.1627339005800825 0.012369400251953119
0.4638128191504815 0.20957542607309126 0.010120518054387457
0.503815036466773 0.08118050829094133 0.010041141080268089
0.6667351038840964 0.23903265001196533 0.011727435991188244
0.29552359912181553 0.0779985514543412 0.011962984558951253
0.45108534435133874 0.13852846126415927 0.011935800843428065
0.23081323239626342 0.03706333785367996 0.01271318233091436
0.5941025073558178 0.01994127898526881 0.010945492223857904
0.43618384711829383 0.024030656946538873 0.011717842086938025
0.16096416738190733 0.04381109949078345 0.011869880449062004
0.9161051941056787 0.151670291595234 0.011439543163886864
0.9680856491459732 0.034101101344513635 0.011907834869039104
0.9663609128182069 0.17129157164689318 0.01181491216313298
0.6830500434146141 0.05125499511359134 0.010204055825084926
0.9481513669712783 0.020530243113490228 0.010909071446997612
0.8285547094676776 0.12510484000176342 0.011292686690431882
0.06001259581874992 0.08752199834341547 0.014070525713809642
0.7625929062126139 0.1843923973392779 0.011870816037342361
0.0202967975034857 0.14631455723158923 0.014080897194122484
0.15972044510237107 0.24333989579753298 0.010000350751469328
0.6050523147647342 0.1236474846735911 0.012233604443068875
0.8685466818865873 0.1988527377138957 0.011331294605696932
0.49817338681029544 0.10886385914991845 0.011785375228971086
0.617389933273175 0.19839148089575598 0.01141734178220484
0.9867545937604749 0.26896125383278524 0.010292071879681631
0.42993606748324675 0.08018841606115275 0.010318577565141094
0.9465069360790768 0.234202052242718 0.012477951139960163
0.07910367345865407 0.1540711141286899 0.010461020493514404
0.6738324766750441 0.012622559908281374 0.010535593051659527
0.02521261449770787 0.17838237114255165 0.012717957766039751
0.3958300856330847 0.23775278041879905 0.010109278409326858
0.7563954713915879 0.21175043225398205 0.011033179397177847
0.13249144905710536 0.05486964113059762 0.011583379467035582
0.9275882180468513 0.12129210322068315 0.014608971172154886
0.8350496855316238 0.06486756256105013 0.011377705032759927
0.7357011333969217 0.05882818993490455 0.012840011089800644
0.9357665012197155 0.20753929744401656 0.010298365478859787
0.2326125052892369 0.10173746225152566 0.014733072377306065
0.12788745048248254 0.26251635852374355 0.010690528889458043
0.18740626807190996 0.04452811255972688 0.012742468963031127
0.24466258341260302 0.28443803783865873 0.011535765831357606
0.6240085142755436 0.13669211272488935 0.01026893132421961
0.3191220849514682 0.15165103733251403 0.01101916589013292
0.26957826170195964 0.18117644861594256 0.013790978658543698
0.7026674418218816 0.13824610334190537 0.012551155458320036
0.4131698816807269 0.28007033017250693 0.012762655935222003
0.8018911233749954 0.04883003604428704 0.01191364425916863
0.9410455679944818 0.09051493024733995 0.012032718746878975
0.4872027045973588 0.19846594042410054 0.011050125728786317
0.2860720596396736 0.23107086163033008 0.01230657437997113
0.33579924283501567 0.11695502373886436 0.011788444030779612
0.4962660503367311 0.22447930545522782 0.012822819373410937
0.4487498548207246 0.06495856012165825 0.011713233815899036
0.13981697404634785 0.13712295865420857 0.013738173475553388
0.04664579296842063 0.05630417546486277 0.01064834566208431
0.9192377244034567 0.24968121397338677 0.013393935478813613
0.024872763726988628 0.014796661630159033 0.013859474609359138
0.3375729198612835 0.28806367120949117 0.011318636828389794
0.5229175380260525 0.17325900866410093 0.014662573087912922
0.6386377025122486 0.10628103247878708 0.013657260444269195
0.5687931438980884 0.025426627876501903 0.01153886159101804
0.6624640370344252 0.28179389054450427 0.010802508659917751
0.6464390334440393 0.2125601566467175 0.01054172616999514
0.2282471491027015 0.012386730612662244 0.010990098104341876
0.2415468797132205 0.18147482842980153 0.011133433741016836
0.7762023775211886 0.1466750413914705 0.010966400099202765
0.9053761277575619 0.057080802012843906 0.013503132791369471
0.37879190914774613 0.19254494870534403 0.01018353158123589
0.35832198478491156 0.09945388322722051 0.011223298766966618
0.2618923103695817 0.13075158194827707 0.011685215590091745
0.7935307565586253 0.189224467289589 0.011474977794432668
0.3105213668610719 0.22004338656590133 0.014391557284519033
0.36084349197592164 0.012400526408357539 0.012162895068717112
0.45728471710817997 0.08814720524137079 0.012263076112338856
0.8842360338918738 0.09890608979483015 0.010310001975161898
0.8099153064948714 0.14267032795853224 0.01147271265231451
0.26612247072929157 0.20984997218150245 0.011134609623469415
0.8006653078945047 0.2770487290592608 0.01113499756270329
0.04373151682874588 0.15507273943529534 0.010721103596457155
0.5328359460412245 0.23810753799272225 0.013759774693691506
0.015219536153754938 0.27975091430809224 0.010185513965659648
0.7579458887561842 0.12116047619245401 0.011540886676663219
0.31633663118708855 0.041111962544951385 0.010624926933212044
0.2879919460244162 0.2754115520898405 0.01120218415524006
0.4443518625093559 0.23554858990654468 0.011079029552743185
0.840293991941677 0.19908403818987086 0.012377502485853434
0.2515623897301478 0.021113356445216808 0.012837189850746215
0.6861916793571485 0.08069444218146768 0.012487570892625314
0.8568856299196816 0.09126464014642427 0.010842781553839392
0.668022281024766 0.17357898949214298 0.010924157544644323
0.18021084656537886 0.2535300929273258 0.011870677221777004
0.21816935904143786 0.1928054279281496 0.01032609124458675
0.12470073148212393 0.21172837652088689 0.011117344920048199
0.11517141020357259 0.09415688325872093 0.013509619860075792
0.7907412539780222 0.10072823684515371 0.011786853137402053
0.7008830955070118 0.2853965821309224 0.010591460407734217
0.6138866049932288 0.04284063921615536 0.014503075344109747
0.4763046479013967 0.14333389613580264 0.010307744920246185
0.9870823172593076 0.21418632765798382 0.012913953190034097
0.22346896073357578 0.24228388512802768 0.011207535818061713
0.4714414380416308 0.11352497817233548 0.014644638065228258
0.33240073556233674 0.20217521421598555 0.01006119283461953
0.9855616685443491 0.017140102586902586 0.01089575656848561
0.9875222320754332 0.08870663228774762 0.010144464559523147
0.8420601749096271 0.014384052440520179 0.01347261120859584
0.26135943934449535 0.269172855141116 0.010066309194194892
0.4040621434387724 0.0874546575187937 0.011859047935040013
0.9461961391941582 0.15241258998178153 0.010035812623726836
0.3188867166124832 0.17420799913645688 0.010245625164268989
0.8961384373546858 0.16157538266963223 0.010259201178914943
0.04928426199035933 0.21436272076520851 0.013676730041349922
0.3626041699731905 0.12580455636054422 0.01303651563078822
0.08364049312526443 0.2553268057082462 0.010102841067340992
0.18814583006087415 0.17511396267434465 0.012195742275481305
0.03549464858989963 0.2677041742700401 0.010239364937374842
0.9306631361402409 0.03426684701233487 0.010578066929805022
0.5450167846051972 0.18567558224384856 0.010202938084385793
0.9626230549946482 0.2857637785967634 0.011149530591894545
0.6311264462756051 0.288087297427435 0.01012839262036961
0.5231328741730544 0.13816424647901984 0.011938767146510055
0.9376830535417077 0.18321554715868335 0.012769669679169919
0.9892671654582667 0.18541147454107781 0.010709286164529761
0.8877689634828402 0.23577188075487868 0.010523630161986137
0.7003356268845659 0.23110620037345697 0.010216718846157206
0.20531698684558808 0.01882307661027057 0.010302192484862027
0.08129384241286053 0.06408374918672621 0.010053635884392675
0.3901342503004805 0.2624137819989028 0.01030440502636412
0.956673659541622 0.07085479479722825 0.010669751149009539
0.17344895527249243 0.2259226124449067 0.010845062440889827
